<!DOCTYPE html>
<head>
<meta charset="utf-8">
<style>

body {
  font: 10px sans-serif;
  background-color: "#FFFFD9";
}

.group-tick line {
  stroke: #000;
}

.ribbons {
  fill-opacity: 0.77;
}

</style>
</head>
<body>
<background-color="#FFFFD9">
<svg width="760" height="760" color="#FFFFD9"></svg>
<script src="https://d3js.org/d3.v4.min.js"></script>
<script>
//I did not write the actual script that illustrates the chart.
//I just modified it for my purposes. - JF
// From http://mkweb.bcgsc.ca/circos/guide/tables/
var matrix = [
[540, 157, 125, 122, 90, 147, 279, 60, 41, 56, 727],
[157, 315, 109, 179, 115, 164, 270, 63, 64, 129, 870],
[125, 109, 364, 64, 105, 297, 297, 37, 17, 41, 745],
[122, 179, 64, 685, 151, 65, 109, 80, 32, 57, 536],
[90, 115, 105, 151, 392, 100, 181, 41, 31, 104, 690],
[147, 164, 297, 65, 100, 101, 44, 21, 30, 25, 678],
[279, 270, 297, 109, 181, 44, 278, 78, 19, 28, 871],
[60, 63, 37, 80, 41, 21, 78, 1019, 185, 176, 848],
[41, 64, 17, 32, 31, 30, 19, 185, 295, 57, 614],
[56, 129, 41, 57, 104, 25, 28, 176, 57, 285, 632],
[727, 870, 745, 536, 690, 678, 871, 848, 614, 632, 0]
];
//The last element in the table was changed from 11508 to 0 because
//trips from "other" to "other" aren't relevant to this map.

var svg = d3.select("svg"),
    width = +svg.attr("width"),
    height = +svg.attr("height"),
    outerRadius = Math.min(width, height) * 0.5 - 40,
    innerRadius = outerRadius - 30;

var formatValue = d3.formatPrefix(",.0", 1000);

var chord = d3.chord()
    .padAngle(0.05)
    .sortSubgroups(d3.descending);

var arc = d3.arc()
    .innerRadius(innerRadius)
    .outerRadius(outerRadius);

var ribbon = d3.ribbon()
    .radius(innerRadius);

var color = d3.scaleOrdinal()
    .domain(d3.range(4))
    .range(["#1f78b4", "#ffff99", "#b2df8a", "#33a02c", "#fb9a99", "#e31a1c" , "#fdbf6f", "#ff7f00", "#cab2d6", "#6a3d9a", "#a6cee3"]);

var g = svg.append("g")
    .attr("transform", "translate(" + width / 2 + "," + height / 2 + ")")
    .datum(chord(matrix));

var group = g.append("g")
    .attr("class", "groups")
  .selectAll("g")
  .data(function(chords) { return chords.groups; })
  .enter().append("g");

group.append("path")
    .style("fill", function(d) { return color(d.index); })
    .style("stroke", function(d) { return d3.rgb(color(d.index)).darker(); })
    .attr("d", arc);

var groupTick = group.selectAll(".group-tick")
  .data(function(d) { return groupTicks(d, 1000); })
  .enter().append("g")
    .attr("class", "group-tick")
    .attr("transform", function(d) { return "rotate(" + (d.angle * 180 / Math.PI - 90) + ") translate(" + outerRadius + ",0)"; });

groupTick.append("line")
    .attr("x2", 6);

groupTick
  .filter(function(d) { return d.value % 1000 === 0; })
  .append("text")
    .attr("x", 8)
    .attr("dy", ".35em")
    .attr("transform", function(d) { return d.angle > Math.PI ? "rotate(180) translate(-16)" : null; })
    .style("text-anchor", function(d) { return d.angle > Math.PI ? "end" : null; })
    .text(function(d) { return formatValue(d.value); });

g.append("g")
    .attr("class", "ribbons")
  .selectAll("path")
  .data(function(chords) { return chords; })
  .enter().append("path")
    .attr("d", ribbon)
    .style("fill", function(d) { return color(d.target.index); })
    .style("stroke", function(d) { return d3.rgb(color(d.target.index)).darker(); });

// Returns an array of tick angles and values for a given group and step.
function groupTicks(d, step) {
  var k = (d.endAngle - d.startAngle) / d.value;
  return d3.range(0, d.value, step).map(function(value) {
    return {value: value, angle: value * k + d.startAngle};
  });
}

</script>
</background-color>
</body>
